4	16
4	22
4	8
7	9
8	16
8	22
8	4
9	7
10	11
10	21
10	19
10	20
23	25
25	23
29	30
30	29
35	41
35	40
36	38
36	39
38	39
38	36
39	38
39	36
70	71
70	72
71	70
71	72
72	71
72	70
73	83
75	86
83	73
86	75
109	117
109	110
109	121
110	117
110	109
110	121
111	113
111	114
111	119
113	114
113	119
113	111
114	113
114	119
114	111
117	110
117	109
117	121
119	113
119	114
119	111
121	117
121	110
121	109
122	126
136	138
136	137
137	136
137	138
199	200
200	199
204	205
204	202
204	216
204	230
204	217
204	215
204	231
205	202
205	216
205	230
205	217
205	204
205	215
205	231
206	219
206	207
207	206
207	219
208	218
208	209
209	218
209	208
210	211
211	210
213	224
215	205
215	202
215	216
215	230
215	217
215	204
215	231
216	205
216	202
216	230
216	217
216	204
216	215
216	231
217	205
217	202
217	216
217	230
217	204
217	215
217	231
218	209
218	208
219	206
219	207
235	234
236	245
236	243
236	240
236	242
242	236
242	245
242	243
242	240
243	236
243	245
243	240
243	242
245	236
245	243
245	240
245	242
253	254
254	253
254	2973
254	6955
254	2974
254	6990
264	270
264	274
264	273
264	271
268	276
268	279
268	278
270	274
270	273
270	271
270	264
271	270
271	274
271	273
271	264
273	270
273	274
273	271
273	264
274	270
274	273
274	271
274	264
275	282
276	279
276	268
276	278
289	295
289	293
291	306
291	292
293	295
293	289
294	301
295	289
295	293
296	314
297	303
297	305
301	294
302	304
303	305
303	297
371	329
383	437
384	402
384	403
384	391
384	422
384	332
384	390
390	402
390	403
390	391
390	422
390	332
390	384
391	402
391	403
391	422
391	332
391	390
391	384
397	335
402	403
402	391
402	422
402	332
402	390
402	384
403	402
403	391
403	422
403	332
403	390
403	384
404	345
405	328
406	420
406	436
407	326
407	438
407	327
407	416
408	409
409	408
412	441
412	427
412	330
412	428
416	326
416	438
416	407
416	327
477	479
479	477
483	482
483	480
509	542
509	530
509	586
509	541
509	540
510	550
511	502
511	501
511	539
511	527
511	512
511	526
512	502
512	501
512	511
512	539
512	527
512	526
513	537
513	584
513	581
513	570
513	571
513	563
513	496
513	577
513	573
513	582
513	576
515	520
515	504
515	503
515	505
515	523
516	558
516	549
516	566
516	560
516	522
516	534
516	499
516	579
516	567
516	498
516	593
516	518
516	569
516	592
516	529
516	2955
518	558
518	549
518	566
518	560
518	522
518	534
518	499
518	579
518	567
518	516
518	498
518	593
518	569
518	592
518	529
518	2955
520	515
520	504
520	503
520	505
520	523
522	558
522	549
522	566
522	560
522	534
522	499
522	579
522	567
522	516
522	498
522	593
522	518
522	569
522	592
522	529
522	2955
523	515
523	520
523	504
523	503
523	505
526	502
526	501
526	511
526	539
526	527
526	512
527	502
527	501
527	511
527	539
527	512
527	526
529	558
529	549
529	566
529	560
529	522
529	534
529	499
529	579
529	567
529	516
529	498
529	593
529	518
529	569
529	592
529	2955
530	542
530	586
530	541
530	540
530	509
532	547
534	558
534	549
534	566
534	560
534	522
534	499
534	579
534	567
534	516
534	498
534	593
534	518
534	569
534	592
534	529
534	2955
535	552
536	572
537	584
537	581
537	570
537	571
537	513
537	563
537	496
537	577
537	573
537	582
537	576
538	542
538	530
538	586
538	541
538	540
538	509
540	542
540	530
540	586
540	541
540	509
541	542
541	530
541	586
541	540
541	509
542	530
542	586
542	541
542	540
542	509
543	554
545	551
545	574
547	532
549	558
549	566
549	560
549	522
549	534
549	499
549	579
549	567
549	516
549	498
549	593
549	518
549	569
549	592
549	529
549	2955
551	574
551	545
552	535
554	543
558	549
558	566
558	560
558	522
558	534
558	499
558	579
558	567
558	516
558	498
558	593
558	518
558	569
558	592
558	529
558	2955
559	565
559	588
559	491
560	558
560	549
560	566
560	522
560	534
560	499
560	579
560	567
560	516
560	498
560	593
560	518
560	569
560	592
560	529
560	2955
562	590
563	537
563	584
563	581
563	570
563	571
563	513
563	496
563	577
563	573
563	582
563	576
565	588
565	559
565	491
566	558
566	549
566	560
566	522
566	534
566	499
566	579
566	567
566	516
566	498
566	593
566	518
566	569
566	592
566	529
566	2955
567	558
567	549
567	566
567	560
567	522
567	534
567	499
567	579
567	516
567	498
567	593
567	518
567	569
567	592
567	529
567	2955
569	558
569	549
569	566
569	560
569	522
569	534
569	499
569	579
569	567
569	516
569	498
569	593
569	518
569	592
569	529
569	2955
570	537
570	584
570	581
570	571
570	513
570	563
570	496
570	577
570	573
570	582
570	576
571	537
571	584
571	581
571	570
571	513
571	563
571	496
571	577
571	573
571	582
571	576
573	537
573	584
573	581
573	570
573	571
573	513
573	563
573	496
573	577
573	582
573	576
574	551
574	545
576	590
576	562
577	590
577	562
579	558
579	549
579	566
579	560
579	522
579	534
579	499
579	567
579	516
579	498
579	593
579	518
579	569
579	592
579	529
579	2955
580	591
606	617
606	624
606	616
607	633
609	610
609	597
609	600
609	596
609	605
609	594
609	595
610	609
610	597
610	600
610	596
610	605
610	594
610	595
615	636
643	644
643	686
644	643
644	686
645	646
646	645
647	648
647	685
647	653
647	649
647	684
648	685
648	653
648	647
648	649
648	684
649	648
649	685
649	653
649	647
649	684
651	662
654	660
656	659
656	658
656	657
657	659
657	658
657	656
658	659
658	656
658	657
659	658
659	656
659	657
660	654
661	683
662	651
665	664
665	675
665	666
665	6036
665	6027
665	6029
665	6030
665	6037
666	664
666	675
666	6036
666	6027
666	6029
666	6030
666	6037
666	665
670	673
670	677
670	671
671	673
671	670
671	677
683	661
684	648
684	685
684	653
684	647
684	649
685	648
685	653
685	647
685	649
685	684
686	644
686	643
745	746
746	745
767	771
767	766
768	772
768	769
768	770
769	770
769	768
769	772
770	768
770	769
770	772
977	972
977	973
977	974
978	972
978	974
978	977
978	973
983	985
985	983
986	988
986	987
987	988
987	986
988	986
988	987
990	991
990	992
991	990
991	992
992	990
992	991
1012	1007
1012	1010
1012	1009
1014	1013
1014	1015
1014	1016
1015	1013
1015	1016
1015	1014
1016	1013
1016	1015
1016	1014
1017	1013
1017	1015
1017	1016
1017	1014
1020	1022
1020	1021
1020	1023
1021	1022
1021	1020
1021	1023
1022	1021
1022	1020
1022	1023
1023	1022
1023	1021
1023	1020
1027	1028
1027	1147
1027	1146
1027	1131
1028	1147
1028	1146
1028	1027
1028	1131
1035	1130
1100	1101
1101	1100
1110	1111
1111	1110
1130	1035
1131	1028
1131	1147
1131	1146
1131	1027
1132	1133
1133	1132
1134	1135
1135	1134
1143	1145
1143	1144
1144	1145
1144	1143
1145	1143
1145	1144
1146	1028
1146	1147
1146	1027
1146	1131
1147	1028
1147	1146
1147	1027
1147	1131
1152	1154
1154	1152
1212	1213
1212	1229
1213	1229
1242	1244
1242	1243
1243	1244
1243	1242
1244	1243
1244	1242
1249	1256
1260	1257
1260	1259
1270	1275
1270	2228
1270	1274
1270	1271
1270	1272
1271	1275
1271	1270
1271	2228
1271	1274
1271	1272
1280	1282
1282	1280
1290	1284
1291	1284
1292	1284
1293	1284
1294	1284
1296	1295
1297	1295
1297	1296
1361	1360
1364	1367
1364	1369
1365	1373
1366	1371
1367	1364
1367	1369
1368	1379
1368	1376
1368	1377
1368	1372
1369	1364
1369	1367
1379	1368
1379	1376
1379	1377
1379	1372
1417	1432
1417	1434
1417	1430
1417	1433
1417	1420
1417	1418
1417	1428
1417	1431
1418	1432
1418	1434
1418	1430
1418	1433
1418	1420
1418	1428
1418	1417
1418	1431
1419	1429
1420	1432
1420	1434
1420	1430
1420	1433
1420	1418
1420	1428
1420	1417
1420	1431
1421	1424
1422	1423
1423	1422
1424	1421
1425	1427
1427	1425
1428	1432
1428	1434
1428	1430
1428	1433
1428	1420
1428	1418
1428	1417
1428	1431
1429	1419
1430	1432
1430	1434
1430	1433
1430	1420
1430	1418
1430	1428
1430	1417
1430	1431
1431	1432
1431	1434
1431	1430
1431	1433
1431	1420
1431	1418
1431	1428
1431	1417
1432	1434
1432	1430
1432	1433
1432	1420
1432	1418
1432	1428
1432	1417
1432	1431
1433	1432
1433	1434
1433	1430
1433	1420
1433	1418
1433	1428
1433	1417
1433	1431
1434	1432
1434	1430
1434	1433
1434	1420
1434	1418
1434	1428
1434	1417
1434	1431
1437	1438
1437	2244
1438	2244
1438	1437
1457	1459
1459	1457
1460	1461
1460	1524
1460	1462
1461	1524
1461	1460
1461	1462
1462	1461
1462	1524
1462	1460
1463	1465
1463	1464
1464	1465
1464	1463
1465	1463
1465	1464
1471	1475
1475	1471
1479	1484
1479	1483
1483	1484
1483	1479
1484	1483
1484	1479
1500	1501
1501	1500
1503	1504
1503	1505
1504	1503
1504	1505
1505	1504
1505	1503
1546	1548
1546	1547
1547	1548
1547	1546
1548	1546
1548	1547
1555	4510
1555	4512
1555	1557
1566	1565
1566	1567
1567	1562
1572	1574
1574	1572
1576	1569
1579	1598
1579	1582
1581	1593
1582	1579
1582	1598
1593	1581
1597	1583
1597	1588
1597	1596
1597	1584
1597	1585
1597	1587
1598	1579
1598	1582
1634	1614
1634	1639
1634	1655
1634	1638
1638	1614
1638	1634
1638	1639
1638	1655
1639	1614
1639	1634
1639	1655
1639	1638
1640	1619
1645	1668
1645	1631
1647	1660
1650	1684
1653	1688
1655	1614
1655	1634
1655	1639
1655	1638
1657	1673
1657	1682
1657	1672
1658	1681
1659	1679
1660	1647
1661	1662
1662	1661
1665	1627
1666	1683
1666	1689
1668	1631
1668	1645
1669	1670
1670	1669
1693	1694
1698	1697
1698	1700
1698	1701
1699	1704
1700	1697
1700	1698
1700	1701
1701	1697
1701	1698
1701	1700
1702	1703
1703	1702
1748	1734
1748	1797
1748	1774
1748	1749
1748	1785
1748	1751
1749	1734
1749	1797
1749	1774
1749	1748
1749	1785
1749	1751
1751	1734
1751	1797
1751	1774
1751	1748
1751	1749
1751	1785
1752	1777
1752	1776
1753	1769
1760	1771
1760	1736
1760	1737
1769	1753
1771	1760
1771	1736
1771	1737
1774	1734
1774	1797
1774	1748
1774	1749
1774	1785
1774	1751
1776	1777
1776	1752
1777	1752
1777	1776
1778	1809
1778	1779
1778	1715
1779	1809
1779	1778
1779	1715
1784	1821
1785	1734
1785	1797
1785	1774
1785	1748
1785	1749
1785	1751
1786	1822
1786	1787
1787	1822
1787	1786
1789	1826
1790	1804
1790	1810
1792	1720
1792	1721
1793	1811
1796	1803
1797	1734
1797	1774
1797	1748
1797	1749
1797	1785
1797	1751
1798	1820
1799	1823
1800	1801
1800	1706
1801	1706
1801	1800
1803	1796
1804	1810
1804	1790
1809	1778
1809	1779
1809	1715
1810	1804
1810	1790
1811	1793
1831	1832
1832	1831
1834	1849
1834	1838
1834	1840
1834	1848
1834	1855
1834	1835
1834	1854
1835	1834
1835	1849
1835	1838
1835	1840
1835	1848
1835	1855
1835	1854
1838	1834
1838	1849
1838	1840
1838	1848
1838	1855
1838	1835
1838	1854
1840	1834
1840	1849
1840	1838
1840	1848
1840	1855
1840	1835
1840	1854
1844	1846
1844	1845
1844	1847
1845	1846
1845	1844
1845	1847
1846	1844
1846	1845
1846	1847
1847	1846
1847	1844
1847	1845
1848	1834
1848	1849
1848	1838
1848	1840
1848	1855
1848	1835
1848	1854
1849	1834
1849	1838
1849	1840
1849	1848
1849	1855
1849	1835
1849	1854
1862	1863
1863	1862
1869	1874
1870	1875
1874	1869
1875	1870
1918	1950
1950	1918
1952	1953
1952	1954
1953	1952
1953	1954
1954	1953
1954	1952
1957	1958
1957	1956
1957	1961
1958	1956
1958	1957
1958	1961
1961	1958
1961	1956
1961	1957
1975	1977
1975	1976
1976	1975
1976	1977
1977	1975
1977	1976
1998	1992
1998	1991
1999	2004
1999	2003
2003	2004
2003	1999
2004	1999
2004	2003
2021	2020
2026	2028
2027	2031
2028	2026
2031	2027
2032	2518
2140	2143
2140	2157
2140	2142
2141	2143
2141	2157
2142	2143
2142	2157
2142	2141
2143	2157
2143	2142
2143	2141
2147	2128
2147	2148
2148	2128
2148	2147
2149	2168
2162	2166
2162	2163
2166	2162
2166	2163
2168	2149
2188	2190
2190	2188
2201	2204
2201	2203
2201	2202
2202	2204
2202	2203
2202	2201
2203	2204
2203	2202
2203	2201
2204	2203
2204	2202
2204	2201
2222	2224
2222	2223
2222	7282
2223	2224
2223	2222
2223	7282
2224	2223
2224	2222
2224	7282
2232	2252
2232	2254
2232	2265
2233	2237
2234	2239
2237	2233
2239	2234
2242	2248
2242	2253
2242	2250
2242	2245
2242	2246
2242	2255
2242	2251
2244	1438
2244	1437
2273	2294
2468	2469
2469	2468
2470	2471
2470	2474
2471	2470
2471	2474
2474	2471
2474	2470
2491	2492
2491	2504
2492	2491
2492	2504
2493	2495
2502	2503
2503	2502
2504	2492
2504	2491
2508	2509
2508	2513
2509	2508
2509	2513
2511	4508
2511	2531
2512	4508
2512	2531
2513	2508
2513	2509
2514	2509
2515	2510
2531	2521
2531	2520
2531	2519
2531	2511
2531	2522
2531	2512
2535	2536
2535	2537
2536	2537
2536	2535
2537	2536
2537	2535
2577	2709
2578	2709
2578	2577
2580	2714
2586	2587
2587	2586
2676	2677
2677	2676
2695	2646
2709	2577
2714	2580
2718	2578
2810	2830
2813	2872
2813	2863
2814	2819
2815	2819
2875	2899
2875	2882
2875	2897
2877	2878
2878	2877
2880	2892
2880	2896
2882	2875
2882	2899
2882	2897
2883	2891
2883	2884
2884	2891
2884	2883
2889	2890
2896	2880
2896	2892
2897	2875
2897	2899
2897	2882
2899	2875
2899	2882
2899	2897
2940	2964
2940	2945
2940	2947
2940	2949
2940	2944
2940	2953
2940	2951
2940	2943
2940	2952
2940	2946
2940	2948
2943	2964
2943	2945
2943	2947
2943	2949
2943	2944
2943	2953
2943	2951
2943	2940
2943	2952
2943	2946
2943	2948
2944	2964
2944	2945
2944	2947
2944	2949
2944	2953
2944	2951
2944	2943
2944	2940
2944	2952
2944	2946
2944	2948
2945	2964
2945	2947
2945	2949
2945	2944
2945	2953
2945	2951
2945	2943
2945	2940
2945	2952
2945	2946
2945	2948
2946	2964
2946	2945
2946	2947
2946	2949
2946	2944
2946	2953
2946	2951
2946	2943
2946	2940
2946	2952
2946	2948
2947	2964
2947	2945
2947	2949
2947	2944
2947	2953
2947	2951
2947	2943
2947	2940
2947	2952
2947	2946
2947	2948
2948	2964
2948	2945
2948	2947
2948	2949
2948	2944
2948	2953
2948	2951
2948	2943
2948	2940
2948	2952
2948	2946
2949	2964
2949	2945
2949	2947
2949	2944
2949	2953
2949	2951
2949	2943
2949	2940
2949	2952
2949	2946
2949	2948
2951	2964
2951	2945
2951	2947
2951	2949
2951	2944
2951	2953
2951	2943
2951	2940
2951	2952
2951	2946
2951	2948
2952	2964
2952	2945
2952	2947
2952	2949
2952	2944
2952	2953
2952	2951
2952	2943
2952	2940
2952	2946
2952	2948
2953	2964
2953	2945
2953	2947
2953	2949
2953	2944
2953	2951
2953	2943
2953	2940
2953	2952
2953	2946
2953	2948
2964	2945
2964	2947
2964	2949
2964	2944
2964	2953
2964	2951
2964	2943
2964	2940
2964	2952
2964	2946
2964	2948
2976	3036
2978	2995
2978	3002
2978	2994
2978	3035
2979	2981
2979	3004
2979	3005
2979	2980
2979	3003
2980	2981
2980	3004
2980	3005
2980	2979
2980	3003
2981	3004
2981	3005
2981	2980
2981	2979
2981	3003
2982	2985
2982	2984
2982	3017
2984	2985
2984	2982
2984	3017
2985	2982
2985	2984
2985	3017
2987	3006
2993	3007
2993	2996
2994	2995
2994	3002
2994	2978
2994	3035
2995	3002
2995	2994
2995	2978
2995	3035
2996	3007
2996	2993
3001	3008
3001	3002
3002	2995
3002	2994
3002	2978
3002	3035
3003	2981
3003	3004
3003	3005
3003	2980
3003	2979
3004	2981
3004	3005
3004	2980
3004	2979
3004	3003
3005	2981
3005	3004
3005	2980
3005	2979
3005	3003
3007	2993
3007	2996
3008	3002
3023	3025
3023	3027
3023	3026
3025	3027
3025	3026
3025	3023
3026	3025
3026	3027
3026	3023
3027	3025
3027	3026
3027	3023
3035	2995
3035	3002
3035	2994
3035	2978
3036	2976
3044	3038
3045	3047
3045	3042
3045	1011
3046	3048
3046	3040
3046	3039
3047	3045
3047	3042
3047	1011
3048	3040
3048	3039
3048	3046
3084	3091
3085	3104
3085	3107
3085	3106
3087	3101
3091	3084
3092	3096
3094	3095
3094	4360
3094	3105
3095	4360
3095	3105
3095	3094
3096	3092
3104	3107
3104	3085
3104	3106
3105	3095
3105	4360
3105	3094
3106	3104
3106	3107
3106	3085
3107	3104
3107	3085
3107	3106
3108	3109
3109	3108
3114	3135
3114	3134
3115	3113
3115	3131
3115	3124
3124	3113
3124	3131
3124	3115
3131	3113
3131	3124
3131	3115
3133	3121
3134	3135
3134	3114
3135	3134
3135	3114
3136	3145
3137	3138
3137	3144
3138	3144
3138	3137
3140	3141
3141	3140
3142	3138
3142	3144
3142	3137
3144	3138
3144	3137
3145	3136
3146	3148
3147	3136
3147	3145
3148	3146
3188	3197
3188	3198
3197	3188
3198	3188
3271	3272
3271	3273
3272	3271
3272	3273
3273	3271
3273	3272
3317	3319
3319	3317
3392	3399
3392	3391
3392	3394
3392	3395
3399	3391
3399	3394
3399	3395
3399	3392
3401	3393
3401	3398
3401	3402
3401	3397
3402	3393
3402	3398
3402	3401
3402	3397
3615	3626
3617	3640
3621	3632
3623	3628
3623	3630
3623	3629
3626	3615
3627	3631
3627	3613
3628	3623
3628	3630
3628	3629
3629	3628
3629	3623
3629	3630
3630	3628
3630	3623
3630	3629
3631	3613
3631	3627
3632	3621
3649	3668
3650	3675
3655	3656
3656	3671
3656	3655
3656	3669
3657	3671
3657	3655
3657	3669
3657	3656
3661	3662
3662	3661
3663	3664
3664	3666
3664	3665
3664	3663
3664	3667
3665	3666
3665	3663
3665	3667
3665	3664
3666	3665
3666	3663
3666	3667
3666	3664
3667	3666
3667	3665
3667	3663
3667	3664
3668	3649
3669	3671
3669	3655
3669	3656
3671	3655
3671	3669
3671	3656
3683	3689
3683	3690
3683	3693
3683	3692
3686	3687
3687	3686
3689	3690
3689	3693
3689	3683
3689	3692
3690	3689
3690	3693
3690	3683
3690	3692
3692	3689
3692	3690
3692	3693
3692	3683
3693	3689
3693	3690
3693	3683
3693	3692
3732	3734
3734	3732
3763	3781
3763	3766
3763	3783
3763	3767
3765	3782
3766	3781
3766	3783
3766	3763
3766	3767
3767	3781
3767	3766
3767	3783
3767	3763
3768	3788
3771	3774
3771	3780
3771	3777
3771	3776
3771	3773
3773	3774
3773	3771
3773	3780
3773	3777
3773	3776
3774	3771
3774	3780
3774	3777
3774	3776
3774	3773
3775	3779
3775	3778
3793	3792
3796	3800
3800	3796
3826	3820
3826	3817
3826	3819
3830	983
3830	985
3837	3839
3837	3842
3837	3850
3837	3847
3837	3849
3837	3838
3837	3841
3838	3839
3838	3842
3838	3850
3838	3847
3838	3849
3838	3837
3838	3841
3839	3842
3839	3850
3839	3847
3839	3849
3839	3837
3839	3838
3839	3841
3841	3839
3841	3842
3841	3850
3841	3847
3841	3849
3841	3837
3841	3838
3842	3839
3842	3850
3842	3847
3842	3849
3842	3837
3842	3838
3842	3841
3847	3839
3847	3842
3847	3850
3847	3849
3847	3837
3847	3838
3847	3841
3910	3911
3911	3910
3915	3916
3915	3912
3915	3917
3915	3913
3916	3912
3916	3915
3916	3917
3916	3913
3926	3925
3927	3924
3980	3981
3981	3980
3989	4013
3992	4045
3992	4016
3992	4005
3992	4018
3993	4017
3994	4021
3996	3997
3997	3996
4002	4026
4005	4045
4005	4016
4005	4018
4005	3992
4006	4044
4008	4010
4008	4036
4010	4008
4010	4036
4011	4025
4011	4052
4011	4012
4012	4025
4012	4011
4012	4052
4013	3989
4014	4033
4014	3998
4015	4027
4015	4030
4015	4043
4015	4022
4015	4049
4015	4035
4015	4029
4015	4037
4015	4028
4015	4040
4016	4045
4016	4005
4016	4018
4016	3992
4017	3993
4018	4045
4018	4016
4018	4005
4018	3992
4021	3994
4022	4015
4022	4027
4022	4030
4022	4043
4022	4049
4022	4035
4022	4029
4022	4037
4022	4028
4022	4040
4025	4011
4025	4052
4025	4012
4026	4002
4027	4015
4027	4030
4027	4043
4027	4022
4027	4049
4027	4035
4027	4029
4027	4037
4027	4028
4027	4040
4028	4015
4028	4027
4028	4030
4028	4043
4028	4022
4028	4049
4028	4035
4028	4029
4028	4037
4028	4040
4029	4015
4029	4027
4029	4030
4029	4043
4029	4022
4029	4049
4029	4035
4029	4037
4029	4028
4029	4040
4030	4015
4030	4027
4030	4043
4030	4022
4030	4049
4030	4035
4030	4029
4030	4037
4030	4028
4030	4040
4032	4033
4032	3998
4032	4014
4033	3998
4033	4014
4035	4015
4035	4027
4035	4030
4035	4043
4035	4022
4035	4049
4035	4029
4035	4037
4035	4028
4035	4040
4036	4008
4036	4010
4064	4069
4064	4068
4065	4066
4066	4065
4068	4069
4069	4068
4073	4076
4176	4181
4179	4182
4179	4192
4181	4176
4182	4179
4182	4192
4197	4208
4199	4202
4201	4204
4202	4199
4204	4201
4215	4216
4216	4215
4232	4230
4232	4240
4232	4253
4232	4252
4233	4234
4234	4233
4235	4239
4249	4238
4252	4230
4252	4232
4252	4240
4252	4253
4253	4230
4253	4232
4253	4240
4253	4252
4260	4257
4260	4261
4261	4257
4261	4260
4262	4269
4262	4258
4263	4273
4263	4291
4267	4274
4267	4275
4267	4272
4267	4271
4267	4276
4267	4277
4267	4268
4268	4274
4268	4275
4268	4272
4268	4267
4268	4271
4268	4276
4268	4277
4269	4258
4269	4262
4271	4274
4271	4275
4271	4272
4271	4267
4271	4276
4271	4277
4271	4268
4272	4274
4272	4275
4272	4267
4272	4271
4272	4276
4272	4277
4272	4268
4273	4263
4273	4291
4274	4275
4274	4272
4274	4267
4274	4271
4274	4276
4274	4277
4274	4268
4275	4274
4275	4272
4275	4267
4275	4271
4275	4276
4275	4277
4275	4268
4277	4274
4277	4275
4277	4272
4277	4267
4277	4271
4277	4276
4277	4268
4300	4302
4300	4301
4301	4302
4301	4300
4302	4301
4302	4300
4303	4304
4304	4303
4310	4311
4311	4310
4312	4313
4313	4312
4317	4323
4317	4330
4318	4326
4330	4323
4330	4317
4334	4335
4334	4336
4334	4341
4335	4334
4335	4336
4335	4341
4336	4334
4336	4335
4336	4341
4341	4334
4341	4335
4341	4336
4360	3095
4360	3105
4360	3094
4361	4366
4361	4365
4362	4364
4362	4363
4362	4355
4363	4364
4363	4362
4363	4355
4364	4363
4364	4362
4364	4355
4365	4361
4365	4366
4366	4361
4366	4365
4369	4388
4380	4387
4382	4383
4383	4382
4384	4391
4387	4380
4388	4369
4391	4384
4418	4419
4419	4418
4424	4425
4424	4426
4424	4427
4425	4426
4425	4424
4425	4427
4426	4425
4426	4424
4426	4427
4427	4425
4427	4426
4427	4424
4429	4441
4430	4431
4431	4430
4435	4442
4441	4429
4442	4435
4448	4452
4448	4449
4448	4451
4449	4452
4449	4448
4449	4451
4451	4452
4451	4449
4451	4448
4452	4449
4452	4448
4452	4451
4457	4458
4458	4457
4491	4506
4493	4489
4494	4489
4495	4489
4496	4531
4497	4501
4497	4502
4501	4497
4501	4502
4502	4501
4502	4497
4504	4531
4505	4529
4506	4491
4531	4504
4531	4532
4531	4533
4531	4496
4532	4504
4532	4531
4532	4533
4532	4496
4533	4504
4533	4531
4533	4532
4533	4496
4537	4568
4537	4550
4539	4542
4539	4541
4541	4542
4541	4539
4542	4539
4542	4541
4547	4548
4548	4547
4550	4537
4550	4568
4586	4714
4588	4623
4588	4665
4588	4683
4588	4641
4588	4722
4588	4621
4588	4635
4588	4685
4588	4690
4588	4682
4588	4610
4594	4713
4595	4656
4596	4721
4600	4664
4602	4622
4610	4623
4610	4665
4610	4588
4610	4683
4610	4641
4610	4722
4610	4621
4610	4635
4610	4685
4610	4690
4610	4682
4679	4729
4682	4623
4682	4665
4682	4588
4682	4683
4682	4641
4682	4722
4682	4621
4682	4635
4682	4685
4682	4690
4682	4610
4683	4623
4683	4665
4683	4588
4683	4641
4683	4722
4683	4621
4683	4635
4683	4685
4683	4690
4683	4682
4683	4610
4685	4623
4685	4665
4685	4588
4685	4683
4685	4641
4685	4722
4685	4621
4685	4635
4685	4690
4685	4682
4685	4610
4689	4725
4690	4623
4690	4665
4690	4588
4690	4683
4690	4641
4690	4722
4690	4621
4690	4635
4690	4685
4690	4682
4690	4610
4699	4724
4713	4594
4714	4586
4717	4718
4718	4717
4721	4596
4722	4623
4722	4665
4722	4588
4722	4683
4722	4641
4722	4621
4722	4635
4722	4685
4722	4690
4722	4682
4722	4610
4724	4699
4725	4689
4729	4679
4732	4734
4732	4748
4732	4735
4733	4736
4734	4732
4734	4748
4734	4735
4735	4734
4735	4732
4735	4748
4736	4733
4738	4745
4738	4730
4738	4743
4738	4741
4919	4916
4919	4914
4922	4934
4922	4932
4922	4923
4922	4931
4922	4930
4922	4936
4922	4929
4922	4933
4923	4934
4923	4932
4923	4931
4923	4930
4923	4936
4923	4929
4923	4933
4923	4922
4924	4934
4924	4932
4924	4923
4924	4931
4924	4930
4924	4936
4924	4929
4924	4933
4924	4922
4929	4934
4929	4932
4929	4923
4929	4931
4929	4930
4929	4936
4929	4933
4929	4922
4930	4934
4930	4932
4930	4923
4930	4931
4930	4936
4930	4929
4930	4933
4930	4922
4931	4934
4931	4932
4931	4923
4931	4930
4931	4936
4931	4929
4931	4933
4931	4922
4932	4934
4932	4923
4932	4931
4932	4930
4932	4936
4932	4929
4932	4933
4932	4922
4933	4934
4933	4932
4933	4923
4933	4931
4933	4930
4933	4936
4933	4929
4933	4922
4934	4932
4934	4923
4934	4931
4934	4930
4934	4936
4934	4929
4934	4933
4934	4922
4935	4934
4935	4932
4935	4923
4935	4931
4935	4930
4935	4936
4935	4929
4935	4933
4935	4922
4936	4934
4936	4932
4936	4923
4936	4931
4936	4930
4936	4929
4936	4933
4936	4922
4937	4938
4938	4937
5047	5050
5050	5047
5082	5099
5082	5102
5082	5098
5082	5100
5082	5101
5083	5085
5083	5095
5085	5083
5085	5095
5091	5081
5098	5099
5098	5102
5098	5100
5098	5101
5098	5082
5099	5102
5099	5098
5099	5100
5099	5101
5099	5082
5100	5099
5100	5102
5100	5098
5100	5101
5100	5082
5101	5099
5101	5102
5101	5098
5101	5100
5101	5082
5102	5099
5102	5098
5102	5100
5102	5101
5102	5082
5171	5175
5171	5174
5171	5173
5172	5169
5173	5175
5173	5171
5173	5174
5174	5175
5174	5171
5174	5173
5175	5171
5175	5174
5175	5173
5183	5184
5184	5183
5275	5288
5277	5278
5278	5277
5282	5301
5282	5272
5282	5273
5288	5275
5289	5301
5289	5272
5289	5282
5289	5273
5291	5286
5294	5272
5294	5291
5295	5280
5295	5300
5295	5297
5297	5295
5297	5280
5297	5300
5300	5295
5300	5280
5300	5297
5323	5324
5323	5326
5324	5323
5324	5326
5325	5327
5326	5323
5326	5324
5327	5325
5380	5386
5380	5398
5386	5380
5386	5398
5398	5380
5398	5386
5429	5430
5429	5427
5430	5429
5430	5427
5438	5439
5439	5438
5458	5455
5458	5459
5458	5453
5521	5522
5522	5521
5523	5528
5523	3085
5523	5525
5523	5526
5523	5529
5523	5524
5523	5527
5524	5528
5524	3085
5524	5525
5524	5523
5524	5526
5524	5529
5524	5527
5525	5528
5525	3085
5525	5523
5525	5526
5525	5529
5525	5524
5525	5527
5526	5528
5526	3085
5526	5525
5526	5523
5526	5529
5526	5524
5526	5527
5527	5528
5527	3085
5527	5525
5527	5523
5527	5526
5527	5529
5527	5524
5528	3085
5528	5525
5528	5523
5528	5526
5528	5529
5528	5524
5528	5527
5534	5545
5534	5548
5559	5560
5559	5561
5559	5971
5560	5559
5560	5561
5560	5971
5561	5560
5561	5559
5561	5971
5564	5704
5564	5566
5564	5610
5564	5565
5565	5704
5565	5566
5565	5610
5565	5564
5566	5704
5566	5610
5566	5565
5566	5564
5567	5570
5567	5568
5567	5946
5568	5570
5568	5567
5568	5946
5570	5568
5570	5567
5570	5946
5574	5717
5574	5619
5574	5618
5575	5874
5575	5634
5581	5958
5581	5582
5581	5828
5581	5808
5582	5958
5582	5581
5582	5828
5582	5808
5584	5970
5584	5585
5584	5969
5584	5598
5584	5586
5585	5970
5585	5584
5585	5969
5585	5598
5585	5586
5586	5970
5586	5584
5586	5585
5586	5969
5586	5598
5587	5731
5588	5633
5590	5886
5590	5736
5590	5739
5590	5686
5590	5742
5590	5596
5590	5595
5590	5729
5593	5659
5594	5703
5594	5630
5595	5886
5595	5736
5595	5739
5595	5590
5595	5686
5595	5742
5595	5596
5595	5729
5596	5886
5596	5736
5596	5739
5596	5590
5596	5686
5596	5742
5596	5595
5596	5729
5597	5750
5598	5970
5598	5584
5598	5585
5598	5969
5598	5586
5600	5601
5601	5600
5604	5760
5609	5951
5609	5767
5610	5704
5610	5566
5610	5565
5610	5564
5614	5615
5615	5614
5617	5955
5618	5574
5618	5717
5618	5619
5619	5574
5619	5717
5619	5618
5627	5628
5628	5627
5630	5703
5630	5594
5631	5640
5632	5639
5633	5588
5634	5874
5634	5575
5637	5804
5637	5898
5638	5705
5639	5632
5640	5631
5644	5966
5644	5967
5645	5674
5645	5673
5645	5899
5647	5651
5650	5695
5650	5696
5651	5647
5652	5698
5653	5689
5655	5569
5655	5580
5658	5665
5659	5593
5661	5663
5661	5797
5663	5661
5663	5797
5665	5658
5666	5702
5667	5699
5671	5672
5672	5671
5972	5674
5972	5673
5972	5645
5972	5899
5673	5674
5673	5645
5673	5899
5674	5673
5674	5645
5674	5899
5675	5721
5676	5896
5678	5762
5678	5715
5680	5709
5684	5852
5684	5727
5686	5886
5686	5736
5686	5739
5686	5590
5686	5742
5686	5596
5686	5595
5686	5729
5687	5694
5688	5712
5689	5653
5691	5692
5691	5722
5691	5710
5692	5691
5692	5722
5692	5710
5693	5948
5694	5687
5695	5650
5695	5696
5696	5695
5696	5650
5698	5652
5699	5667
5702	5666
5703	5630
5703	5594
5704	5566
5704	5610
5704	5565
5704	5564
5705	5638
5707	5880
5707	5883
5709	5680
5710	5692
5710	5691
5710	5722
5715	5678
5715	5762
5717	5574
5717	5619
5717	5618
5718	5793
5718	5792
5718	5802
5718	5803
5718	5824
5720	5723
5720	5914
5720	5734
5721	5675
5722	5692
5722	5691
5722	5710
5724	5806
5724	5805
5725	5730
5726	5799
5727	5684
5727	5852
5729	5886
5729	5736
5729	5739
5729	5590
5729	5686
5729	5742
5729	5596
5729	5595
5730	5725
5731	5587
5736	5886
5736	5739
5736	5590
5736	5686
5736	5742
5736	5596
5736	5595
5736	5729
5737	5807
5739	5886
5739	5736
5739	5590
5739	5686
5739	5742
5739	5596
5739	5595
5739	5729
5742	5886
5742	5736
5742	5739
5742	5590
5742	5686
5742	5596
5742	5595
5742	5729
5743	5794
5746	5838
5750	5597
5751	5960
5753	5841
5754	5761
5757	5759
5757	5758
5758	5759
5758	5757
5759	5758
5759	5757
5760	5604
5762	5678
5762	5715
5772	5867
5777	5780
5777	5827
5780	5827
5780	5777
5784	5823
5784	5901
5784	5881
5789	5791
5791	5789
5792	5793
5792	5802
5792	5803
5792	5824
5792	5718
5793	5792
5793	5802
5793	5803
5793	5824
5793	5718
5794	5743
5795	5796
5797	5663
5797	5661
5799	5726
5802	5793
5802	5792
5802	5803
5802	5824
5802	5718
5803	5793
5803	5792
5803	5802
5803	5824
5803	5718
5804	5637
5804	5898
5805	5806
5805	5724
5806	5724
5806	5805
5807	5737
5808	5958
5808	5581
5808	5582
5808	5828
5809	5857
5810	5837
5810	5850
5815	5816
5816	5815
5817	5847
5817	5882
5819	5820
5819	5821
5819	5845
5820	5821
5820	5819
5820	5845
5821	5820
5821	5819
5821	5845
5823	5901
5823	5881
5823	5784
5824	5793
5824	5792
5824	5802
5824	5803
5824	5718
5825	5826
5825	5853
5827	5780
5827	5777
5828	5958
5828	5581
5828	5582
5828	5808
5830	5871
5837	5850
5837	5810
5838	5746
5841	5753
5845	5820
5845	5821
5845	5819
5846	5861
5847	5882
5847	5817
5850	5837
5850	5810
5851	5856
5971	5560
5971	5559
5971	5561
5977	5976
5978	5992
5978	5979
5978	5980
5978	5986
5979	5992
5979	5980
5979	5986
5979	5978
5980	5992
5980	5979
5980	5986
5980	5978
5981	5988
5981	5982
5982	5988
5982	5981
5983	5989
5983	6001
5985	5975
5986	5992
5986	5979
5986	5980
5986	5978
5987	5998
5987	7272
5988	5982
5988	5981
5989	6001
5989	5983
5990	5991
6002	6011
6009	6010
6010	6009
6011	6002
6013	6015
6014	6006
6014	6007
6014	6016
6015	6013
6016	6014
6026	6028
6026	6024
6027	664
6027	6037
6032	6038
6033	6024
6037	6027
6038	6032
6056	6057
6057	6058
6058	6057
6062	6065
6069	6066
6069	6068
6069	6067
6073	6074
6074	6073
6116	6117
6116	6125
6116	6171
6116	6172
6116	6170
6116	6124
6117	6125
6117	6116
6117	6171
6117	6172
6117	6170
6117	6124
6118	6120
6118	6119
6118	6131
6118	6139
6118	6149
6118	6135
6119	6120
6119	6118
6119	6131
6119	6139
6119	6149
6119	6135
6120	6118
6120	6119
6120	6131
6120	6139
6120	6149
6120	6135
6121	6161
6121	6128
6121	6153
6121	6151
6121	6136
6121	6131
6121	6132
6121	6154
6121	6155
6121	6138
6121	6144
6121	6165
6121	6129
6121	6150
6121	6142
6122	6123
6122	6158
6122	6143
6122	6156
6122	6134
6122	6152
6122	6133
6122	6140
6122	6141
6122	6157
6123	6158
6123	6143
6123	6156
6123	6122
6123	6134
6123	6152
6123	6133
6123	6140
6123	6141
6123	6157
6124	6117
6124	6125
6124	6116
6124	6171
6124	6172
6124	6170
6125	6117
6125	6116
6125	6171
6125	6172
6125	6170
6125	6124
6128	6161
6128	6121
6128	6153
6128	6151
6128	6136
6128	6131
6128	6132
6128	6154
6128	6155
6128	6138
6128	6144
6128	6165
6128	6129
6128	6150
6128	6142
6129	6161
6129	6128
6129	6121
6129	6153
6129	6151
6129	6136
6129	6131
6129	6132
6129	6154
6129	6155
6129	6138
6129	6144
6129	6165
6129	6150
6129	6142
6131	6161
6131	6128
6131	6121
6131	6153
6131	6151
6131	6136
6131	6132
6131	6154
6131	6155
6131	6138
6131	6144
6131	6165
6131	6129
6131	6150
6131	6142
6132	6161
6132	6128
6132	6121
6132	6153
6132	6151
6132	6136
6132	6131
6132	6154
6132	6155
6132	6138
6132	6144
6132	6165
6132	6129
6132	6150
6132	6142
6133	6123
6133	6158
6133	6143
6133	6156
6133	6122
6133	6134
6133	6152
6133	6140
6133	6141
6133	6157
6134	6123
6134	6158
6134	6143
6134	6156
6134	6122
6134	6152
6134	6133
6134	6140
6134	6141
6134	6157
6135	6120
6135	6118
6135	6119
6135	6131
6135	6139
6135	6149
6172	6117
6172	6125
6172	6116
6172	6171
6172	6170
6172	6124
6175	6178
6175	6177
6175	6173
6185	6187
6185	6181
6185	6184
6185	6183
6185	6186
6185	6182
6185	6180
6186	6187
6186	6181
6186	6184
6186	6183
6186	6185
6186	6182
6186	6180
6187	6181
6187	6184
6187	6183
6187	6186
6187	6185
6187	6182
6187	6180
6189	6188
6196	6197
6196	6198
6197	6198
6197	6196
6198	6197
6198	6196
6199	6200
6199	6201
6200	6199
6200	6201
6216	6208
6218	6222
6219	6218
6219	6222
6232	6241
6232	6246
6232	6243
6232	6247
6234	6233
6234	6232
6235	6233
6235	6232
6235	6234
6241	6246
6241	6243
6241	6232
6241	6247
6242	6245
6243	6241
6243	6246
6243	6232
6243	6247
6245	6242
6246	6241
6246	6243
6246	6232
6246	6247
6247	6241
6247	6246
6247	6243
6247	6232
6257	6264
6264	6257
6265	6260
6265	6262
6265	1269
6265	6266
6266	6265
6266	6260
6266	6262
6266	1269
6280	6362
6294	6288
6295	6346
6296	6326
6300	6301
6301	6300
6310	6332
6312	6336
6312	6353
6314	6344
6315	6316
6316	6315
6318	6361
6318	6337
6319	6326
6326	6351
6326	6319
6327	6296
6331	6341
6332	6310
6333	6348
6333	6334
6333	6349
6334	6348
6334	6333
6334	6349
6335	6312
6337	6318
6341	6331
6344	6314
6346	6295
6346	6367
6346	6355
6348	6334
6348	6333
6348	6349
6349	6348
6349	6334
6349	6333
6351	6326
6353	6336
6353	6312
6354	6356
6355	6367
6355	6346
6356	6354
6358	6341
6361	6318
6361	6337
6362	6280
6365	6366
6366	6365
6367	6346
6367	6355
6470	6472
6470	6473
6470	6469
6471	6474
6472	6470
6472	6473
6472	6469
6473	6470
6473	6472
6473	6469
6474	6471
6478	767
6478	6479
6478	766
6479	767
6479	6478
6479	766
6955	254
6955	2973
6955	2974
6955	6990
6965	6977
6968	6960
6968	6984
6968	6974
6969	6981
6973	6985
6974	6960
6974	6968
6974	6984
6975	6980
6976	6979
6977	6965
7000	7001
7001	7000
7008	7009
7017	7011
7018	7021
7021	7018
7053	7052
7053	7054
7054	7053
7054	7052
7116	7139
7116	7182
7116	7103
7116	7189
7116	7097
7116	7142
7117	7107
7117	7080
7119	7129
7119	7147
7120	7121
7120	7073
7120	7163
7121	7120
7121	7073
7121	7163
7122	7174
7122	7152
7126	7127
7126	7128
7127	7126
7127	7128
7128	7127
7128	7126
7129	7119
7129	7147
7130	7072
7130	7082
7134	7150
7134	7106
7135	7112
7135	7098
7135	7148
7139	7182
7139	7103
7139	7189
7139	7097
7139	7116
7139	7142
7141	7111
7141	7102
7142	7139
7142	7182
7142	7103
7142	7189
7142	7097
7142	7116
7146	7105
7148	7135
7148	7112
7148	7098
7150	7134
7150	7106
7151	7170
7152	7174
7152	7122
7155	7156
7156	7155
7159	7075
7163	7120
7163	7121
7163	7073
7166	7070
7167	7190
7170	7151
7173	7181
7173	7087
7173	7188
7174	7152
7174	7122
7175	7077
7175	7186
7176	7084
7177	7083
7177	7088
7177	7085
7181	7087
7181	7173
7181	7188
7182	7139
7182	7103
7182	7189
7182	7097
7182	7116
7182	7142
7186	7077
7199	7210
7210	7199
7236	2487
7236	2488
7237	7249
7237	7238
7237	7242
7238	7249
7238	7237
7238	7242
7239	7240
7240	7239
7249	7237
7249	7238
7249	7242
7262	7271
7264	7277
7264	7278
7271	7262
7282	2224
7282	2223
7282	2222
7283	7284
7285	7295
7286	7293
7295	7285
7304	7312
7305	7306
7305	7347
7305	7318
7306	7305
7306	7347
7306	7318
7308	7309
7309	7308
7310	7311
7311	7310
7312	7304
7313	7315
7313	7316
7314	7315
7314	7313
7314	7316
7315	7313
7315	7316
7316	7315
7316	7313
7318	7305
7318	7306
7318	7347
7319	7323
7323	7319
7324	7325
7324	7326
7325	7324
7325	7326
7326	7325
7326	7324
7331	7334
7331	7336
7347	7305
7347	7306
7347	7318
7349	7350
7350	7349
7353	7581
7368	7597
7369	7597
7369	7368
7372	7371
7392	7587
7397	7571
7398	7571
7400	7614
7419	7390
7422	7421
7435	7434
7439	7438
7442	7582
7443	7582
7443	7442
7450	7452
7452	7450
7454	7357
7468	7387
7574	7575
7574	7573
7576	7363
7594	7595
7595	7594
7602	7554
7615	7613
7702	7703
7703	7702
7714	7715
7715	7714
7717	7715
7717	7714
7737	7738
7738	7737
7751	7629
7751	7628
7751	7633
7751	7753
7751	7752
7751	7647
7751	7646
7752	7629
7752	7628
7752	7633
7752	7753
7752	7647
7752	7646
7752	7751
7753	7629
7753	7628
7753	7633
7753	7752
7753	7647
7753	7646
7753	7751
7765	7802
7765	7787
7765	7774
7772	7773
7773	7772
7774	7802
7774	7765
7774	7787
7775	7779
7775	7781
7775	7780
7777	7778
7778	7777
7779	7781
7779	7780
7779	7775
7780	7779
7780	7781
7780	7775
7781	7779
7781	7780
7781	7775
7782	7792
7784	7785
7785	7784
7786	7788
7787	7802
7787	7765
7787	7774
7788	7786
7790	7791
7791	7790
7802	7765
7802	7787
7802	7774
7817	7819
7817	7812
7817	7818
7818	7819
7818	7817
7818	7812
7819	7817
7819	7812
7819	7818
7820	7821
7821	7820
7822	7813
7836	7843
7839	7840
7839	7881
7840	7839
7840	7881
7843	7836
7894	7891
7894	7109
7894	7110
7894	7893
7899	7900
7899	7898
7902	7903
7903	7902
7923	7924
7923	7909
7923	7910
7923	7906
7923	7911
7923	7914
7924	7909
7924	7910
7924	7906
7924	7911
7924	7914
7926	7902
7926	7903
7938	7939
7939	7938
7946	7960
7946	7955
7948	7949
7948	7950
7960	7955
7960	7946
7962	7944
8119	8120
8120	8119
8121	8131
8124	8117
8124	8118
8125	8135
8125	8127
8125	8129
8139	8140
8139	8141
8258	8248
8347	8400
8351	8319
8351	8328
8351	8327
8353	8346
8354	8346
8355	8321
8355	8357
8357	8355
8359	8345
8373	8374
8374	8373
8375	8376
8376	8375
8385	8386
8386	8385
8390	8388
8414	8433
8421	8422
8422	8421
8427	8428
8428	8427
8430	8431
8431	8430
8433	8414
8435	8438
8435	8437
8435	8436
8435	8441
8435	8439
8435	8442
8436	8438
8436	8435
8436	8437
8436	8441
8436	8439
8436	8442
8437	8438
8437	8435
8437	8436
8437	8441
8437	8439
8437	8442
8438	8435
8438	8437
8438	8436
8438	8441
8438	8439
8438	8442
8439	8438
8439	8435
8439	8437
8439	8436
8439	8441
8439	8442
8441	8438
8441	8435
8441	8437
8441	8436
8441	8439
8441	8442
8442	8438
8442	8435
8442	8437
8442	8436
8442	8441
8442	8439
8444	8448
8446	8449
8448	8444
8449	8446
8451	8455
8454	8457
8454	8458
8454	8456
8455	8451
8456	8454
8456	8457
8456	8458
8457	8454
8457	8458
8457	8456
8458	8454
8458	8457
8458	8456
8460	8461
8460	8462
8461	8460
8461	8462
8462	8460
8462	8461
8489	8490
8490	8489
8491	8492
8491	8488
8491	8494
8492	8488
8492	8494
8492	8491
8493	8498
8493	8497
8493	8495
8493	8525
8493	8526
8493	8499
8493	8500
8493	8524
8493	8496
8494	8492
8494	8488
8494	8491
8495	8498
8495	8497
8495	8525
8495	8526
8495	8499
8495	8500
8495	8524
8495	8493
8495	8496
8496	8498
8496	8497
8496	8495
8496	8525
8496	8526
8496	8499
8496	8500
8496	8524
8496	8493
8536	8537
8536	8539
8537	8539
8539	8537
8565	8582
8565	8566
8565	8567
8565	8580
8565	8581
8566	8582
8566	8565
8566	8567
8566	8580
8566	8581
8567	8582
8567	8565
8567	8566
8567	8580
8567	8581
8569	8570
8569	8571
8580	8582
8580	8565
8580	8566
8580	8567
8580	8581
8581	8582
8581	8565
8581	8566
8581	8567
8581	8580
8582	8565
8582	8566
8582	8567
8582	8580
8582	8581
8584	8602
8584	8603
8598	8599
8599	8598
8607	8745
8608	8625
8609	8610
8610	8609
8611	8706
8611	8612
8611	8634
8611	8760
8611	8624
8611	8761
8611	8618
8611	8643
8611	8716
8612	8611
8612	8706
8612	8634
8612	8760
8612	8624
8612	8761
8612	8618
8612	8643
8612	8716
8615	8635
8617	8685
8618	8611
8618	8706
8618	8612
8618	8634
8618	8760
8618	8624
8618	8761
8618	8643
8618	8716
8620	8747
8620	8756
8620	8647
8620	8739
8620	8738
8621	8649
8621	8642
8621	8651
8622	8732
8624	8611
8624	8706
8624	8612
8624	8634
8624	8760
8624	8761
8624	8618
8624	8643
8624	8716
8625	8608
8627	8755
8630	8720
8630	8743
8632	8653
8632	8715
8634	8611
8634	8706
8634	8612
8634	8760
8634	8624
8634	8761
8634	8618
8634	8643
8634	8716
8635	8615
8650	8718
8674	8696
8685	8617
8696	8674
8700	8722
8705	8722
8705	8700
8706	8611
8706	8612
8706	8634
8706	8760
8706	8624
8706	8761
8706	8618
8706	8643
8706	8716
8710	8705
8710	8646
8715	8632
8715	8653
8716	8611
8716	8706
8716	8612
8716	8634
8716	8760
8716	8624
8716	8761
8716	8618
8716	8643
8718	8650
8719	8636
8720	8743
8720	8630
8722	8700
8724	8645
8730	8731
8731	8730
8732	8622
8738	8620
8738	8747
8738	8756
8738	8647
8738	8739
8739	8620
8739	8747
8739	8756
8739	8647
8739	8738
8741	8620
8741	8747
8741	8756
8741	8647
8741	8739
8741	8738
8742	8620
8742	8747
8742	8756
8742	8647
8742	8739
8742	8738
8743	8720
8743	8630
8744	8753
8745	8607
8747	8620
8747	8756
8747	8647
8747	8739
8747	8738
8749	8757
8749	8759
8752	8641
8753	8744
8754	8648
8755	8627
8756	8620
8756	8747
8756	8647
8756	8739
8756	8738
8757	8759
8757	8749
8759	8757
8759	8749
8760	8611
8760	8706
8760	8612
8760	8634
8760	8624
8760	8761
8760	8618
8760	8643
8760	8716
8761	8611
8761	8706
8761	8612
8761	8634
8761	8760
8761	8624
8761	8618
8761	8643
8761	8716
8762	8770
8762	8769
8763	8764
8764	8763
8765	8767
8767	8765
8769	8762
8769	8770
8770	8762
8770	8769
8785	8793
8793	8785
8796	8797
8797	8796
8800	8801
8801	8800
8807	8812
8855	8848
8900	8891
8902	8870
8902	8881
8906	8907
8906	8871
8907	8906
8907	8871
8910	8911
8911	8910
8915	8917
8915	8923
8917	8923
8917	8915
8920	8922
8921	8924
8922	8920
8971	8972
8972	8971
8980	8981
8981	8980
8985	8988
8985	8986
8985	8987
8986	8988
8986	8985
8986	8987
8987	8988
8987	8985
8987	8986
8988	8985
8988	8986
8988	8987
8989	8990
8990	8989
8998	8999
8999	8998
9001	9026
9001	9016
9007	9008
9008	9007
9170	9172
9170	9171
9171	9170
9171	9172
9172	9170
9172	9171
9176	9175
9177	9176
9177	9175
