75797	75796	1
89359	89350	1
72356	72354	1
1829	118334	2
25845	25840	1
8670	77680	2
19232	19226	1
15378	66543	1
4511	33885	1
18098	183515	2
47158	49423	1
31018	62040	1
92359	164532	2
11103	56278	1
468	78929	1
8492	67884	1
9747	58829	1
38783	48374	1
13712	59599	1
13198	13193	1
24688	105921	2
5601	66865	1
31520	138195	2
98930	131926	2
542	43652	1
1469	18413	1
92273	170823	2
672	7125	1
101448	139109	2
29899	79976	1
31006	31005	1
66143	66140	1
8320	8318	1
13235	47509	1
11859	66217	1
152728	101566	2
28924	51754	1
5684	37468	1
102450	122785	2
108469	128541	2
89610	89605	1
4916	29894	1
19794	19792	1
3951	54257	1
101642	171305	2
121209	20386	2
9662	75478	1
118306	188419	2
451	89144	1
15747	15738	1
103312	95729	2
99152	118744	2
131137	131134	2
21569	21567	1
69942	75235	1
10622	10620	1
6472	14138	1
22342	22330	1
92883	114779	2
13255	185660	2
127005	127000	2
107370	170881	2
19779	20884	1
52162	52159	1
7012	86318	1
123174	123172	2
6058	6051	1
4546	43789	1
5692	67136	1
23123	61851	1
991	141404	2
59277	59276	1
4474	4461	1
86064	86048	1
91489	136178	2
16158	186405	2
18530	71241	1
54839	54830	1
18205	70655	1
1166	29950	1
31027	31025	1
71915	71911	1
12649	113426	2
30513	30508	1
153250	164555	2
94295	186894	2
116114	116108	2
6242	49293	1
99043	185656	2
17603	17597	1
68286	68285	1
109367	139414	2
10883	40070	1
3177	67261	1
15451	15450	1
60103	140790	2
22670	26273	1
24642	53199	1
83601	83599	1
18867	94686	2
80027	80025	1
1528	12085	1
11895	71050	1
8274	51534	1
51092	65597	1
52242	52241	1
29223	14016	1
7423	69233	1
68565	68566	1
167469	116141	2
9618	65026	1
50554	50551	1
45391	52827	1
54939	54938	1
128474	128470	2
11346	50597	1
164096	164095	2
5356	81768	1
17787	21160	1
83297	83296	1
72900	72891	1
10471	45252	1
83945	161179	2
1837	19038	1
59807	68301	1
4	47721	1
11382	11371	1
7385	18412	1
94306	94305	2
9510	65987	2
15925	66872	1
88586	88587	1
12400	13894	1
98109	175038	2
20776	90009	1
106395	139007	2
84083	84081	1
36683	36680	1
98809	146618	2
9221	185660	2
47918	76997	1
142672	142670	2
92396	154916	2
83440	83431	1
28917	28909	1
18918	112254	2
146435	162501	2
5792	89102	1
13387	54019	1
2192	2183	1
93270	20359	2
105507	106989	2
90585	91295	2
23994	63451	2
595	133684	2
5024	37759	1
15893	182273	2
6556	81074	1
28412	28402	1
32146	32144	1
68736	68730	1
96059	113629	2
4276	18227	1
3715	3711	1
90510	107239	2
36473	81074	1
2407	42422	1
23935	69059	1
26777	26772	1
37836	70024	1
17485	45394	1
6895	38176	1
18874	70146	1
3890	141395	2
1826	20018	1
8414	62569	1
14228	73439	1
63250	79666	1
66477	66474	1
56421	56419	1
76381	76380	1
44525	44521	1
33971	9451	1
106375	106371	2
25608	54684	1
127066	127059	2
48167	48163	1
166257	166255	2
28156	82414	1
114264	134125	2
13210	48347	1
189133	189132	2
41516	41505	1
75841	75837	1
32590	64892	1
8716	158906	2
72328	72318	1
87996	87991	1
1213	43897	1
26636	80544	1
92984	57320	2
6383	68549	1
11886	35945	1
59013	47552	2
3961	70967	1
15456	15450	1
74175	74167	1
39381	40889	1
64461	64462	1
12087	15082	1
135	87635	1
35262	79515	1
18672	78054	1
3746	77841	1
35930	35928	1
16348	186802	2
38191	156877	2
9029	45999	1
98658	122416	2
172446	172445	2
30161	30148	1
99082	168460	2
44355	183546	2
85417	149474	2
22943	134702	2
96692	170635	2
6417	64665	1
62144	112538	2
39204	39202	1
1187	179904	2
92881	146407	2
20587	20584	1
103239	114780	2
4708	60336	1
65069	65066	1
12134	81312	1
1451	20569	1
12392	12388	1
9188	28886	1
12705	68624	1
94208	168024	2
92349	171299	2
101622	111976	2
70171	70170	1
9932	70751	1
3932	104814	2
37186	86210	1
8546	58971	1
109804	109803	2
10389	172874	2
94054	171388	2
15062	15059	1
36357	36355	1
2412	150064	2
96136	174105	2
57230	57228	1
170770	170768	2
66325	66322	1
108870	155862	2
5106	54748	1
6473	35616	1
4136	117107	2
23324	167149	2
1155	1156	1
4566	71364	1
91153	140277	2
1945	10185	1
92279	147890	2
35800	35798	1
2776	18934	1
114176	114175	2
8667	175710	2
65570	65571	1
10757	59798	1
3386	163541	2
38159	149886	2
26013	26009	1
2449	175042	2
102323	164739	2
3176	2497	1
101048	155936	2
3909	95875	2
6213	137699	2
1816	4204	1
95910	151477	2
49336	47509	1
69218	158012	2
4110	4111	1
35844	78560	1
65413	141814	2
2781	140907	2
18259	18255	1
3464	127917	2
175327	175326	2
21907	77127	1
3121	175042	2
10435	72492	1
116064	116063	2
95535	160103	2
140713	175799	2
68186	68187	1
96167	96164	2
44656	44653	1
7328	153229	2
84784	84782	1
5692	177635	2
9525	133918	2
13491	186639	2
61482	61478	1
56181	56180	1
103804	103803	2
129389	172317	2
52269	52268	1
30123	62108	1
64652	64641	1
111117	111115	2
65696	65690	1
71000	70999	1
61596	61594	1
7369	48740	1
11974	64740	1
61613	61612	1
3904	9702	1
94799	143455	2
54187	54185	1
13664	13665	1
23991	53249	1
20607	36093	1
86976	86975	1
100482	152926	2
108958	33389	2
16828	108396	2
91153	170888	2
122206	130863	2
8120	76289	1
917	912	1
173954	173952	2
104884	104879	2
65047	178619	2
25964	50773	1
52497	171412	2
599	79643	1
113145	168738	2
25324	59777	1
11010	27114	1
96692	175383	2
2704	10572	1
65511	65509	1
5505	78678	1
939	87134	1
30211	67032	1
9703	50811	1
9044	80583	1
3063	89679	1
135618	1252	2
73318	156662	2
64865	64864	1
85211	85210	1
203	177068	2
1406	50052	1
58441	58435	1
34088	34077	1
4714	4710	1
91738	179317	2
115943	115944	2
8253	52868	1
29553	86127	1
6841	64537	1
186308	186307	2
42741	42737	1
96877	132559	2
8825	83396	1
1055	73244	1
25807	72774	1
94471	107140	2
23846	23843	1
96130	172386	2
1059	14092	1
781	773	1
35237	156502	2
30702	30701	1
99910	182437	2
37202	70837	1
27722	151143	2
9930	11342	1
11260	47243	1
1678	64131	1
674	85721	1
11154	25122	1
37444	148723	2
62830	62828	1
7752	36316	1
33130	33129	1
29244	29245	1
44824	156977	2
1528	184354	2
4988	69817	1
5910	5908	1
13580	36200	1
63066	86832	1
24	44448	1
23365	23364	1
16070	148295	2
703	136602	2
28569	76008	1
13321	13310	1
4639	174158	2
17360	17356	1
16	72831	1
14679	63102	1
65034	65029	1
67702	67696	1
96297	50663	2
5668	5669	1
5129	118829	2
6141	13164	1
1527	35019	1
8943	149347	2
6941	6935	1
68949	68950	1
76533	76530	1
10052	60881	1
11562	52223	1
11122	61178	1
53464	53456	1
104661	90682	2
98403	156976	2
48544	77736	1
18514	177490	2
8844	88474	1
3050	79799	1
674	39876	1
468	22236	1
59735	173193	2
5796	41570	1
23517	23514	1
176399	176400	2
182825	182826	2
94160	97502	2
30534	63405	1
24593	33300	1
67778	67775	1
12141	56717	1
12134	86359	1
55079	174615	2
34888	34884	1
164508	164500	2
32179	36378	1
186346	186342	2
5298	19615	1
28815	86954	1
14787	18515	2
62616	62615	1
44158	44157	1
57619	87169	1
104669	154375	2
16728	58434	1
107385	154660	2
124024	124016	2
30877	113965	2
25892	26530	1
138103	138100	2
16066	125349	2
87432	67359	2
13538	34631	1
64660	64657	1
10348	10340	1
10843	47313	1
96966	81439	2
131529	131524	2
22046	22044	1
3414	70820	1
13578	69609	1
3677	48304	1
99008	99006	2
20176	169584	2
18900	18896	1
20208	20206	1
4547	43096	1
46382	55081	1
6294	32759	1
110691	15094	2
54669	103823	2
6960	180134	2
113634	137400	2
56455	57097	1
2574	118570	2
21286	100584	2
160737	160736	2
6969	69917	1
9692	38310	1
11826	116797	2
146830	146827	2
40742	40736	1
18421	79215	1
26571	74954	1
14538	170046	2
1469	175979	2
11791	58650	1
170637	170635	2
108985	185258	2
11769	50488	1
75682	172776	2
1358	81807	1
3186	40196	1
1962	88590	1
184290	184289	2
1143	45254	1
22786	22785	1
123721	137074	2
27146	52359	1
44715	170833	2
19472	19467	1
127687	140059	2
13689	13677	1
103808	130766	2
24913	172189	2
119338	119339	2
32775	85273	1
1954	60081	1
18642	18634	1
171341	171338	2
19531	23074	1
2498	20311	1
20624	83394	1
13583	49881	1
47814	184306	2
28119	68730	1
148734	130680	2
12610	39275	1
1899	1889	1
10788	42576	1
31645	43558	1
100949	118071	2
98685	188254	2
1532	17185	1
77705	77700	1
134463	140468	2
144857	161070	2
878	180519	2
40083	40079	1
69413	69412	1
32514	32510	1
110887	110886	2
116838	132769	2
9237	55123	1
94275	110507	2
101826	101825	2
8531	8528	1
119788	119786	2
99981	128265	2
118407	70446	2
31748	120231	2
35912	112952	2
42346	42343	1
91657	136464	2
3056	60585	1
1520	9427	1
25316	77169	1
10771	59488	1
23639	28575	1
19359	19360	1
9151	33810	1
4088	84212	1
27337	85245	1
5344	42086	1
122603	122604	2
139811	180404	2
44650	38059	1
12689	25084	1
92593	156646	2
25231	120119	2
16213	16210	1
35288	35287	1
155617	163387	2
23246	23244	1
106913	166009	2
13077	76159	1
164756	164752	2
8984	8977	1
98358	135933	2
61159	127606	2
12131	50765	1
101596	141362	2
12087	12088	1
77374	77372	1
6129	50305	1
105869	168980	2
60848	60839	1
59057	59058	1
153611	153612	2
103273	144975	2
6545	82399	1
51589	51587	1
26079	26075	1
1292	52824	2
45191	45184	1
93241	20387	2
16106	80210	1
51438	68518	1
72519	72516	1
34341	72076	1
92129	145758	2
24883	24869	1
117810	117807	2
31659	31660	1
11143	145520	2
11019	83340	1
49360	55536	1
8103	83061	1
698	117206	2
127021	142109	2
70757	117978	2
24823	83083	1
6334	17967	1
1157	93453	2
92658	147702	2
3465	45422	1
39318	60968	1
70300	117512	2
92462	122061	2
92189	147213	2
14978	83854	1
8101	61496	1
75637	143097	2
30921	49780	1
98883	138320	2
957	17893	1
21721	21718	1
17896	17893	1
120181	120180	2
73408	90196	1
2541	44187	1
18742	121168	2
63681	135167	2
101328	149044	2
10651	77993	1
21493	21491	1
9772	147865	2
100260	100256	2
2367	35256	1
93933	151767	2
63433	81739	1
11622	170067	2
99434	99431	2
104717	104712	2
871	6530	1
1105	78798	1
5682	61625	1
8470	66025	1
93178	107604	2
19774	39206	1
1537	93861	2
2389	48755	1
35192	70881	1
77105	23568	1
43900	86512	1
17145	17141	1
534	22196	1
17134	17129	1
100723	188463	2
99298	99297	2
96472	137692	2
107276	176290	2
4977	84836	1
112477	112473	2
62142	62141	1
94846	141162	2
12939	51813	1
2133	3442	1
17745	114781	2
187767	187766	2
6112	21343	1
41468	65441	1
116606	25202	2
32068	94647	2
38753	99525	2
128147	129863	2
29334	32746	1
3136	72382	1
151212	151211	2
11011	68695	1
103060	137433	2
97665	151949	2
13463	67113	1
4383	49205	1
145212	145210	2
14965	14963	1
116015	182425	2
34167	34163	1
65935	65925	1
96728	156947	2
119927	151573	2
78525	78521	1
176426	39335	2
6386	168347	2
31015	31013	1
4264	33204	1
59242	59229	1
34155	86500	1
12640	65551	1
16146	80471	1
16145	16142	1
21819	21818	1
6917	66799	2
2708	37818	1
72534	72531	1
94891	122186	2
93070	115034	2
88731	88729	1
16964	67875	1
11823	35103	1
27254	27250	1
61903	61902	1
76365	76355	1
90289	118253	2
11558	103180	2
11085	31641	1
100673	121031	2
6061	51587	1
13745	88345	1
2742	44919	1
6569	52331	1
25041	25040	1
40380	40379	1
54700	79074	1
30744	30740	1
8824	51599	1
91771	50044	2
31188	21381	1
7459	12149	1
42045	42043	1
48342	48340	1
67143	38265	2
24066	48620	1
29799	147382	2
1598	63176	1
9246	78527	1
95088	155772	2
112168	112166	2
88088	88073	1
68718	68719	1
4847	39335	1
5759	81614	1
70292	70291	1
95224	115347	2
97861	109940	2
67607	67606	1
119860	151403	2
2076	176932	2
18530	69856	2
34055	34043	1
50245	85073	1
32335	32324	1
110437	165832	2
39303	39297	1
112260	112259	2
37066	37060	1
1337	30295	1
19574	63356	1
11679	11678	1
6075	6065	1
1422	18828	1
4113	53532	1
96118	175523	2
1420	138236	2
67103	32965	1
11562	53505	1
66709	66706	1
41616	41609	1
10783	59613	1
702	52117	1
137026	137015	2
13591	22059	1
56289	56278	1
69624	84197	1
3402	84919	1
91377	100840	2
181763	181762	2
139729	184872	2
162322	162320	2
49809	49808	1
75354	75353	1
46983	76167	1
40840	88317	1
2511	2512	1
29951	110559	2
113774	187794	2
8654	164940	2
7478	143840	2
19962	19961	1
104530	120161	2
33561	44671	1
830	120174	2
4678	67236	1
90715	95966	2
91317	146268	2
5018	41420	1
7745	87957	1
25978	61255	1
74473	74471	1
85942	85938	1
5371	80362	1
138956	138952	2
25693	3354	1
19169	19168	1
24133	24131	1
113395	113392	2
47855	47850	1
28116	116744	2
91078	119889	2
1596	83081	1
15949	109918	2
65332	151866	2
17599	17597	1
93	58434	1
5825	133316	2
43121	43120	1
8196	48673	2
94202	134488	2
47036	74181	1
110985	122053	2
2577	71852	1
101549	170879	2
162091	162092	2
35808	41104	1
24121	85927	1
14141	14138	1
16580	135908	2
5128	80669	1
110078	174757	2
93362	110192	2
10904	84831	1
9897	30874	1
146305	146303	2
40730	40729	1
8054	8194	2
93186	118692	2
135469	135465	2
4547	35065	1
136100	136101	2
8025	8024	1
147895	71872	2
21992	73296	1
13557	29461	1
3605	165954	2
18530	60885	1
19417	131390	2
91105	168327	2
9221	158477	2
168787	168786	2
74132	73980	1
8608	83209	1
149911	149908	2
71200	71199	1
6412	62948	1
126414	185050	2
102677	169279	2
123728	182057	2
44085	44081	1
80	179853	2
94021	113128	2
4641	62890	1
13501	115600	2
4712	71451	1
102354	120008	2
14228	142946	2
45526	45525	1
69062	75287	1
8908	58875	1
107636	155429	2
4342	4333	1
94326	137136	2
111848	111847	2
9402	45766	1
1895	63165	1
41307	41301	1
47777	70158	1
3909	69056	1
136087	181942	2
99499	138020	2
3939	80203	1
37333	54552	1
103253	103254	2
29114	87792	1
50231	88174	1
83945	130480	2
89548	89546	1
106230	106223	2
4987	167489	2
30053	180915	2
27926	27924	1
216	213	1
117422	80748	2
34655	131770	2
11154	28886	1
187258	187257	2
24004	158641	2
97422	183537	2
90683	100481	2
6296	148377	2
3695	72189	1
17760	130730	2
107875	151691	2
32484	31800	1
107681	163511	2
29951	6887	2
79062	79056	1
76585	76581	1
73568	73564	1
100850	166328	2
120053	120054	2
92999	183976	2
52525	52494	1
75018	147353	2
107272	167440	2
10161	133394	2
91765	188910	2
10158	18821	1
12955	83911	1
6201	166721	2
66356	66353	1
92380	158990	2
131	9652	1
88904	154663	2
38668	38666	1
160362	160359	2
3956	56520	1
62693	83924	1
17456	149703	2
116246	116245	2
4877	88355	1
1486	105899	2
4088	102137	2
95293	184806	2
4494	37992	1
92744	161434	2
98358	113500	2
92974	98600	2
9230	163700	2
20811	145166	2
26551	26549	1
454	26892	1
35145	111695	2
2008	2003	1
5879	121616	2
102072	158181	2
57780	57770	1
146995	161595	2
29455	29445	1
17748	46210	1
80671	80672	1
130943	130941	2
6734	15475	1
7865	61855	1
12734	36275	1
56396	56394	1
16315	10194	1
17182	63494	2
3494	13761	1
123979	144488	2
26708	64857	1
6887	58554	1
91129	91128	2
139245	1170	2
138322	138323	2
14501	19724	1
26658	79885	1
59403	59390	1
182601	183414	2
6994	6989	1
2666	126718	2
1011	75805	1
897	88998	1
54280	79589	1
7527	7525	1
7556	106108	2
74686	74687	1
45826	49551	1
132406	132402	2
91300	106409	2
33362	46476	1
30311	59629	1
138819	138814	2
593	91543	2
89279	89277	1
99142	99135	2
95081	52124	2
157881	172909	2
135111	135105	2
59759	59758	1
117681	130639	2
969	967	1
84656	84657	1
85294	85293	1
69819	160840	2
125647	177934	2
238	30643	1
80999	80991	1
35243	65910	1
3901	179006	2
37476	168633	2
17968	168715	2
4524	4517	1
94791	174667	2
1828	54053	1
15158	21783	1
137520	137509	2
34561	86421	1
31678	59531	1
20585	79345	1
57503	57504	1
5290	43652	1
23833	44348	1
6240	21624	1
90741	152289	2
92883	92879	2
1423	138434	2
90663	112935	2
99510	99511	2
95128	99570	2
113356	113354	2
175985	120038	2
35117	73713	1
29692	29688	1
12400	18522	1
147683	167747	2
28707	28705	1
85792	104185	2
94160	99058	2
24361	60467	1
4810	113797	2
1500	87377	1
5975	48381	1
13464	58103	1
9156	9155	1
90357	153012	2
2897	180842	2
75623	44381	1
32868	176164	2
90474	164024	2
82531	82529	1
60920	60917	1
5303	84753	1
9657	71239	1
11640	74137	1
81883	152040	2
5128	76540	1
6789	59289	1
3273	28883	1
444	63454	1
100617	189234	2
31680	108882	2
10011	43113	1
439	21972	1
41136	138770	2
97689	182928	2
106175	165295	2
18947	18945	1
14436	14427	1
153141	153139	2
23165	173843	2
21828	33747	1
99881	75948	2
63216	49061	1
67163	67161	1
116846	116839	2
95302	23293	2
93491	109186	2
50831	50828	1
119017	119018	2
2682	121852	2
122166	122162	2
37136	37134	1
99448	121790	2
6733	53215	1
22034	22033	1
49245	85801	1
182834	182832	2
5211	152684	2
9878	9870	1
45699	63391	1
181331	181330	2
62844	62845	1
12145	12144	1
85417	133106	2
3140	20449	1
16094	71851	1
29629	58337	1
99524	188821	2
129696	129695	2
6851	55848	1
107921	107918	2
16266	185599	2
50013	50010	1
19773	58767	1
92103	81302	2
17049	17046	1
853	87777	1
1530	25756	1
97481	160241	2
2585	86101	1
80924	22059	1
2778	66124	1
34229	85999	1
1800	22825	1
442	31037	1
14654	14653	1
29433	29432	1
92572	151643	2
145925	173721	2
5759	59380	1
3604	48225	1
33207	77065	1
123893	147902	2
38563	80014	1
1946	8872	1
49740	80988	1
170381	170372	2
801	67511	1
108479	132762	2
14382	141518	2
63127	63125	1
11124	20625	1
2314	51218	1
178843	178842	2
109762	171647	2
23923	104705	2
97106	160904	2
5145	5136	1
31840	82399	1
30754	51220	1
114808	188067	2
120961	120953	2
4586	53932	1
63495	143900	2
106261	80331	2
98279	141866	2
178152	80753	2
108202	108195	2
13903	170071	2
52112	52105	1
4910	9693	1
173652	173649	2
2438	46475	1
13721	146919	2
92096	187777	2
3645	3639	1
119333	75321	2
14495	41149	2
91203	128179	2
84792	84789	1
52734	52733	1
26231	26223	1
92	58583	1
183321	183322	2
28116	82342	1
102165	139400	2
1300	90063	1
49826	75644	1
18751	76282	1
75266	82877	1
144499	144497	2
123574	158904	2
4840	4837	1
1741	34956	1
163126	163113	2
9512	130239	2
12893	15393	1
15222	45705	1
2560	37508	1
119848	185201	2
68560	68559	1
78284	78266	1
34872	38664	1
90941	150205	2
85923	85918	1
15763	25226	1
7352	78628	1
9252	89025	1
47407	161247	2
41563	88302	1
69277	103790	2
676	164032	2
182691	182692	2
72953	164329	2
6127	60363	1
17590	17582	1
76605	157921	2
36851	36837	1
21745	21742	1
168417	168408	2
106141	172066	2
16561	16559	1
157060	173982	2
4846	6285	1
10724	84193	1
179614	125992	2
38359	52743	1
1884	98642	2
93093	125398	2
170094	180414	2
1826	80166	1
2819	2815	1
85556	103278	2
14305	24850	1
2553	159657	2
8014	138037	2
8122	8113	1
868	83691	1
2226	21965	1
127808	127804	2
16543	37294	1
25406	25405	1
94993	94984	2
67474	67473	1
2287	85323	1
4584	113592	2
115458	169203	2
30882	30880	1
7908	39472	1
44068	102895	2
13414	59863	1
124562	158440	2
5208	64448	1
8224	31710	1
114805	163694	2
43015	82463	1
93442	161716	2
161815	182178	2
59448	74582	1
4011	4000	1
90930	26065	2
15191	89075	1
96398	149172	2
3208	3193	1
82287	157828	2
50289	50283	1
23450	31519	1
37534	37524	1
51714	55775	1
2362	7558	1
32283	32282	1
51771	51770	1
68959	59313	1
104201	121793	2
4571	168833	2
8644	65938	1
109331	109330	2
95188	132527	2
103243	159755	2
96609	162956	2
11255	62939	1
19298	176612	2
118739	153712	2
184656	86351	2
91335	182502	2
1026	64446	1
25810	69732	1
95883	168692	2
90749	109524	2
10224	53857	1
29439	29432	1
102204	117454	2
342	82910	1
91355	159120	2
10863	166980	2
1646	5334	1
12672	16592	1
147773	174166	2
87365	87361	1
60579	141564	2
2822	59765	1
113207	113206	2
6141	29761	1
51373	51374	1
120427	120425	2
143238	143237	2
11624	86106	1
7130	70820	2
5932	39191	1
18084	41245	1
447	67146	1
87622	87621	1
17370	57933	1
105629	139974	2
38689	75133	2
20314	70401	1
4508	127166	2
111550	111542	2
90561	129829	2
41313	41314	1
3850	17662	1
67476	67473	1
26150	26147	1
644	34140	2
9499	70733	1
106431	127139	2
97424	171852	2
11544	186637	2
1829	181091	2
36335	150416	2
91751	123809	2
1105	85928	1
6474	79727	1
32482	143249	2
168678	168679	2
3916	48620	1
15909	15907	1
5343	5342	1
90833	98045	2
102146	138452	2
22539	22535	1
19733	22755	1
14297	40147	1
2695	2696	1
137293	137291	2
95315	125404	2
1895	22179	1
61491	96832	2
2367	75565	1
3173	113982	2
16184	41823	1
151716	144336	2
45110	124645	2
12324	12323	1
2522	31779	1
11889	39765	1
11291	53632	1
36220	56086	1
19037	81497	1
9484	20896	1
22079	22485	1
20999	21000	1
92917	156969	2
29303	78381	1
61207	81706	1
116526	160393	2
114596	114590	2
1103	115368	2
101988	101985	2
4163	18958	1
3688	77618	1
36952	66533	1
128146	128142	2
11467	86786	1
151585	115919	2
20401	31850	1
98681	109084	2
96124	164240	2
62352	62344	1
92055	92044	2
188208	188205	2
42126	42120	1
113588	153382	2
8881	39679	1
3855	48660	1
99748	99742	2
3153	3152	1
91335	183842	2
11906	70519	1
93440	131327	2
91635	140046	2
5651	56507	1
13890	63693	1
102544	157018	2
97375	169406	2
21347	56708	1
46466	69654	1
92382	131544	2
107467	180360	2
120786	139068	2
43748	166443	2
95374	100687	2
22200	22199	1
9017	12371	1
7670	31677	1
100326	179710	2
21479	20614	2
6775	108622	2
33543	56888	1
79039	79029	1
49354	49724	1
32692	32687	1
11506	60805	1
18437	176584	2
172610	172608	2
990	123009	2
93224	87204	2
132438	132435	2
52889	165010	2
47877	47878	1
33768	33764	1
15274	15270	1
9795	33143	1
36582	42567	1
18921	54442	1
55607	70420	1
104089	104087	2
126600	146356	2
91052	107879	2
135812	135806	2
75403	75401	1
9429	66865	1
2765	20248	1
91248	99092	2
92338	26510	2
1208	54327	1
14186	89020	1
102418	180346	2
15920	176035	2
20335	20330	1
27346	70686	1
22255	22254	1
27746	73596	1
109675	102062	2
24620	24619	1
16838	60507	1
35594	35590	1
30644	53775	1
87057	87047	1
29797	45378	1
19158	91454	2
33416	49157	1
4457	4445	1
91225	176090	2
147230	147229	2
21417	21414	1
39736	22408	2
101835	157807	2
93210	162572	2
15517	15510	1
2776	50141	1
4384	43188	1
179875	179870	2
41819	41818	1
74420	74421	1
105372	152867	2
120831	126927	2
54032	54030	1
6645	26374	1
12403	43557	1
15381	87460	1
3935	62214	1
21859	59761	1
12803	16229	1
15399	15398	1
53890	53888	1
126546	132768	2
20673	51151	1
34584	151445	2
91225	110123	2
138745	138743	2
54954	54938	1
56425	85580	1
33111	33053	1
149200	149194	2
4715	79071	1
27453	62071	1
53433	53434	1
48541	70092	1
19544	189052	2
4542	4541	1
97714	172642	2
9004	71508	1
4665	164071	2
104917	104918	2
70432	70430	1
156384	188635	2
91852	137876	2
111922	129718	2
92379	165231	2
5854	5850	1
68248	68237	1
117600	117597	2
99821	146221	2
49047	49037	1
135661	163048	2
6143	129485	2
12632	66825	1
96337	108858	2
12960	15880	1
97716	97713	2
76483	76479	1
92712	155846	2
1389	35481	1
8604	8597	1
126360	126356	2
101612	101608	2
185949	185943	2
2926	25122	1
3926	3924	1
28719	89619	1
120568	120566	2
58083	58080	1
96053	181697	2
69717	69710	1
14245	63381	1
56066	56065	1
156882	181104	2
16026	76238	1
100494	172738	2
180868	180865	2
62971	62968	1
24675	24673	1
72782	72779	1
32262	55491	1
63670	63671	1
90690	157291	2
68333	68332	1
12364	76792	1
15065	89342	1
58711	58712	1
46000	81654	1
15920	79108	2
128488	149309	2
3197	181440	2
31412	117088	2
97770	130591	2
95906	178993	2
166011	166009	2
65452	100280	2
151700	174020	2
81758	81757	1
22793	87957	1
92250	130804	2
599	44945	1
7265	9543	1
40016	40014	1
96575	149424	2
49992	49988	1
106517	106516	2
1838	1839	1
97956	151775	2
91432	91431	2
71955	71954	1
1195	88011	1
39594	113731	2
3850	71727	1
12542	29094	1
83945	181090	2
25047	154082	2
9742	30273	1
51230	182480	2
175660	175656	2
92278	122370	2
90135	90133	1
47407	68842	1
125296	133095	2
45315	158222	2
19060	123001	2
13718	168724	2
95536	145336	2
3774	79137	1
91788	151814	2
23460	81083	1
77536	77494	1
5568	88634	1
136575	184652	2
12825	12823	1
28010	90077	1
10951	143084	2
130564	130555	2
29073	84650	1
32	85120	1
75658	75654	1
93	309	1
9021	48664	1
59615	68689	1
23372	72433	1
80922	80920	1
157408	157402	2
37709	47483	1
26692	65965	1
96911	141904	2
158982	158983	2
18660	107356	2
62713	80664	1
56554	56553	1
24678	167096	2
36129	36127	1
21386	108313	2
2841	89893	1
77732	73838	1
9798	9794	1
27989	27988	1
4462	138627	2
106261	106262	2
114869	114867	2
93379	102963	2
29677	178100	2
3811	58896	1
16055	16052	1
98130	114803	2
38768	80765	1
18885	55143	1
1721	24434	1
96043	168474	2
2816	79957	1
42074	42072	1
35717	39183	1
9923	44346	1
3890	35256	1
18234	103820	2
8966	8961	1
312	35028	1
16875	16868	1
9515	75568	1
29662	29661	1
110595	184394	2
3282	153717	2
17895	157882	2
225	29038	2
9760	50000	1
71301	71297	1
60872	60854	1
93209	178118	2
96991	123315	2
53804	53800	1
57791	57783	1
85218	85214	1
16424	51352	1
89817	89814	1
15583	15578	1
151017	151018	2
138968	138965	2
31284	31277	1
5946	34220	1
2470	58896	1
159175	159167	2
6607	134958	2
3200	62086	1
104653	104652	2
69508	69507	1
12786	57004	1
73079	73078	1
96842	96836	2
111541	111542	2
494	35273	1
4523	86094	1
12181	83644	1
92022	162915	2
42693	65385	1
96142	186511	2
12423	40395	1
15135	62526	1
37786	172551	2
30713	80445	1
13738	133117	2
600	601	1
47370	47369	1
11015	46161	1
176042	176041	2
2780	51287	1
2891	152644	2
164454	23160	2
7781	15184	1
92386	104047	2
1829	77859	1
40139	40137	1
94471	186994	2
13715	88936	1
93448	122533	2
6248	61464	1
91935	172340	2
3940	64148	2
29071	57935	1
23708	79914	1
73114	73113	1
95291	184806	2
25130	80797	1
96478	96479	2
90515	134719	2
15982	15978	1
14086	142287	2
1098	34140	2
58478	51769	1
17633	105936	2
8434	60773	1
62137	62132	1
135633	135631	2
11824	33482	1
184197	184196	2
98606	98607	2
53120	53115	1
40019	40014	1
7865	42249	1
33945	33941	1
96762	137436	2
2941	42415	1
9976	71432	1
1836	43674	2
178284	178280	2
5824	19134	1
12466	85837	1
142146	142143	2
77387	77372	1
55780	55778	1
42662	42663	1
78948	78943	1
42037	42033	1
1893	40103	1
28706	35700	1
5740	155968	2
35334	35330	1
158	52053	1
6498	6497	1
109373	140298	2
4216	80149	1
124666	124665	2
108823	108821	2
95234	143876	2
27678	69059	1
92332	181892	2
90473	157165	2
11026	30295	1
50764	50762	1
66244	175530	2
3271	17756	1
71329	71328	1
3864	88566	1
53041	53042	1
95906	177485	2
16976	71257	1
447	9388	1
1656	83720	1
5044	60348	1
16562	16559	1
92611	139010	2
69492	69483	1
24092	87065	1
4086	138532	2
131375	179108	2
19035	19030	1
185164	185162	2
11423	11417	1
120703	120698	2
56558	56559	1
55827	144199	2
42199	75356	1
91144	158518	2
22822	182645	2
1361	83219	1
761	62666	1
187318	187317	2
20953	22795	1
77955	176369	2
86071	86048	1
1195	1184	1
182370	182368	2
84844	86433	1
94898	135261	2
74038	74034	1
67907	85169	1
670	79398	1
8674	9594	1
181499	181498	2
4478	72848	1
37254	37249	1
100217	100199	2
63368	63362	1
42306	42305	1
91487	146170	2
77308	77304	1
97191	123861	2
59983	70313	1
128700	144721	2
72207	72196	1
107	31655	1
8790	8786	1
9471	9470	1
10321	133818	2
45190	45184	1
110960	136882	2
69666	69664	1
45594	51259	1
52498	52494	1
94157	164684	2
360	71846	1
122514	122513	2
43266	43263	1
71074	71072	1
25562	170494	2
10465	157812	2
20401	29812	1
42274	42275	1
4542	63776	1
1656	129262	2
8326	31571	1
9940	55760	1
670	63052	1
1220	93351	2
1523	77451	1
79331	79329	1
11343	62703	1
32764	83445	1
187652	187653	2
176956	159210	2
170263	170264	2
472	47554	1
36856	36855	1
178760	178758	2
4089	75169	1
144	76538	1
643	21965	1
15024	46199	1
75093	75088	1
45117	60397	1
60920	144800	2
11524	83394	1
108678	169793	2
6822	35241	1
4255	4249	1
21112	55295	1
38436	38413	1
19378	15817	2
27485	49928	1
83811	118611	2
3090	20267	1
25977	88461	1
166356	166354	2
16958	36208	1
1707	150304	2
18530	88885	1
3247	57489	1
91598	166354	2
25266	160471	2
12314	12294	1
104833	120301	2
95467	101548	2
3556	3551	1
144527	144525	2
5270	13107	1
50949	50945	1
12491	79382	1
103442	130727	2
111820	126199	2
33444	69930	1
33281	33280	1
5046	80263	1
65074	65070	1
71912	113652	2
1619	82787	1
7141	19724	1
34141	156395	2
103205	62202	2
102007	152236	2
91005	91000	2
74888	47043	1
27315	52824	1
101202	115457	2
3938	165615	2
634	627	1
95704	112895	2
31938	65294	1
18948	18945	1
111197	146677	2
91572	133195	2
92274	158798	2
10995	39550	1
139729	161020	2
21191	25383	1
54826	142992	2
43451	75478	1
36895	36894	1
8578	11746	1
128596	128589	2
6964	105467	2
28550	43788	1
3188	55154	1
5991	52851	1
6924	70852	1
125452	125448	2
2666	20581	1
1189	186779	2
78089	134496	2
31434	31430	1
28283	28275	1
3785	153974	2
1105	55978	1
87968	173841	2
8109	57761	1
11277	11271	1
100347	143785	2
91503	106501	2
114755	135357	2
94017	154540	2
734	79384	1
18068	82360	1
90360	145456	2
10206	10207	1
18727	18723	1
48306	48305	1
70603	80748	1
12032	75569	1
15972	31277	1
47304	47303	1
44129	44126	1
55808	55806	1
21819	90074	2
10013	17878	1
141056	141054	2
23673	23658	1
11949	97838	2
38462	38451	1
74230	66270	1
0	1	1
36256	36254	1
1523	67117	1
77496	77494	1
8937	8935	1
94844	149259	2
1803	36598	1
8403	43380	1
35877	35875	1
4347	63209	1
2808	19705	2
91665	142545	2
7826	55652	1
44853	76891	1
14047	56070	1
1807	100680	2
19085	61853	1
1795	84027	1
310	63832	1
57107	57105	1
992	35222	1
5156	71550	1
119252	119253	2
96248	166123	2
11312	11309	1
3926	54511	1
116084	116083	2
2413	35375	1
9001	56963	1
4508	70448	1
92499	136136	2
23355	24248	1
413	65029	1
131582	182401	2
53304	53303	1
50927	50918	1
90382	132599	2
119711	149608	2
5797	29360	1
2769	16030	1
6022	72727	2
92480	134404	2
48593	83520	1
17142	83069	1
27241	125289	2
75957	75958	1
132932	132931	2
46284	61190	1
104903	157942	2
1588	22183	1
31247	31246	1
71574	71571	1
14317	17262	1
13514	68825	1
32283	53132	1
144886	144885	2
5615	8818	1
18063	31788	1
17526	26320	1
86761	88748	1
1058	30676	1
13380	63397	1
38591	83947	1
14551	14550	1
24345	70513	1
648	128234	2
850	120904	2
100281	140100	2
12995	12993	1
16427	86655	1
5901	55904	1
77667	77666	1
54546	54541	1
61068	61069	1
128146	80182	2
94857	148922	2
36867	48163	1
24678	149602	2
24542	88405	1
30522	68712	1
92066	118039	2
2028	57367	1
99052	99051	2
6143	81018	1
38144	71453	1
57937	79978	1
32529	32527	1
38879	67132	1
6464	158468	2
182204	182203	2
3095	64216	1
259	55673	1
68869	68868	1
62103	132422	2
54126	54125	1
85057	85051	1
1639	188855	2
25448	112362	2
115629	166365	2
80935	80932	1
41773	41888	1
47750	88013	1
130991	164858	2
182023	182022	2
54899	143288	2
42336	42334	1
52038	52035	1
66355	89032	1
166314	166301	2
22166	30054	1
90443	93329	2
107627	129218	2
9612	72709	1
36741	59731	1
20426	89364	1
103058	117215	2
1969	171935	2
65047	112361	2
97437	151917	2
6502	31763	1
129428	145431	2
99324	99317	2
83769	83768	1
23228	7350	1
2781	66998	1
111	112	1
3092	27158	1
129139	129138	2
749	65965	1
47290	47289	1
30779	30770	1
4917	168822	2
7284	53985	1
857	93552	2
8794	8791	1
168978	168973	2
21443	79228	1
14044	32965	1
32552	32550	1
57321	57320	1
7862	167560	2
7074	23816	1
13338	62978	1
98459	98458	2
135461	135460	2
97503	122398	2
27580	74953	1
110095	110093	2
5457	18938	1
710	66176	1
6911	6908	1
51294	51295	1
12958	55731	1
66981	66970	1
70536	70535	1
102644	106414	2
12400	54679	1
131616	162126	2
12167	34348	1
94819	162700	2
5346	57986	1
42514	42513	1
427	84668	1
178462	178457	2
95637	115347	2
33582	33579	1
4989	81903	1
52879	52877	1
66531	66532	1
126016	126013	2
8955	81507	1
123903	176943	2
124306	175182	2
93850	93847	2
5973	28316	1
150418	150416	2
85634	85635	1
26263	65882	1
93461	167483	2
6244	104214	2
146387	146386	2
132588	132589	2
5057	25663	1
102698	137211	2
84543	84538	1
34604	73980	1
16616	16612	1
80452	80451	1
9654	80958	1
6204	71832	1
16597	42855	1
74053	68098	1
50352	50346	1
55330	63918	1
63495	134470	2
111830	111831	2
5451	29291	1
178180	178179	2
16466	16467	1
1893	88605	1
58586	63453	1
53245	90048	1
95309	179244	2
21680	31881	1
18530	60475	1
3909	174756	2
14690	14683	1
110618	110617	2
124634	181186	2
16886	43263	1
100437	100436	2
90647	183990	2
91899	109858	2
80711	80708	1
8634	86951	1
14017	85425	1
1189	146672	2
100005	134293	2
3197	154394	2
12638	43296	1
64846	64845	1
77646	77647	1
78988	78987	1
102966	161214	2
112230	112223	2
106713	117582	2
91376	145738	2
2909	52901	1
16403	87931	1
7082	53592	1
53840	53838	1
16230	49070	1
91889	119112	2
49126	49124	1
15680	68268	1
188177	188172	2
8353	8344	1
12583	81945	1
58344	58345	1
116481	116476	2
22988	119360	2
3320	142816	2
5449	76569	1
89907	130955	2
83736	83733	1
67257	160980	2
38991	130281	2
84282	84281	1
57503	72531	1
82252	82251	1
712	42039	1
1834	1835	1
78595	145172	2
94277	94272	2
25521	29177	1
122733	122704	2
56714	56713	1
59877	59869	1
113999	113998	2
11110	11102	1
8925	34200	1
2353	34979	1
46079	81771	1
8373	8356	1
15530	43753	1
92977	139600	2
85453	138134	2
17360	88746	1
26321	18661	2
170187	170185	2
31949	29825	2
13200	72879	1
23319	63227	1
1536	76851	1
109364	142207	2
36679	144601	2
41538	41642	1
4238	34771	1
12296	15609	1
12580	108267	2
60500	60498	1
174505	174504	2
186151	186150	2
91188	100127	2
4890	58561	1
2143	65388	1
8184	50156	1
33426	17479	2
45244	45245	1
8010	110722	2
62842	62838	1
14684	46552	1
3666	108512	2
13548	13543	1
39675	62104	1
32125	185080	2
116115	157308	2
56188	30115	1
25528	25523	1
87788	87781	1
12564	12557	1
555	549	1
166039	166037	2
2975	102149	2
5972	30782	1
676	135364	2
90287	116369	2
92773	92764	2
2035	38678	1
42864	128602	2
165761	165760	2
15449	65592	1
7384	7380	1
15633	162369	2
27878	27874	1
1329	162443	2
15129	64451	1
2882	40332	1
94390	127948	2
15768	15767	1
102920	48673	2
99367	145784	2
63253	126053	2
1495	176465	2
126624	126623	2
140171	140167	2
78493	78484	1
12287	12282	1
1747	16033	1
17052	69393	1
87248	87246	1
7394	86343	1
83299	83296	1
17065	21155	1
3092	165742	2
8608	83693	1
91095	127076	2
27971	27924	1
30124	30122	1
53687	127157	2
40788	91996	2
28541	28538	1
100489	16100	2
33010	49070	1
43956	52645	1
13077	43206	1
1828	71425	1
7735	132736	2
52540	52494	1
67944	67940	1
18234	90214	1
2780	16332	1
1967	83066	1
30107	30108	1
3723	41464	1
71703	71700	1
2768	67599	1
41451	41438	1
73786	130718	2
603	119166	2
21771	21770	1
44714	2489	1
14367	51352	1
16948	72419	1
937	37802	1
989	125590	2
67506	67507	1
46817	2905	1
11040	150817	2
186347	186342	2
22460	167036	2
52730	126720	2
5905	82369	1
97577	97570	2
65582	65578	1
8570	35218	1
7092	124405	2
150249	150247	2
433	63165	1
21825	72461	1
81263	96389	2
4170	13566	1
19484	19483	1
15214	104966	2
14792	71046	1
51871	169990	2
39706	74204	1
11040	62280	1
183002	183001	2
55322	183734	2
87263	87262	1
46813	135196	2
23696	23693	1
128708	128699	2
78016	77996	1
1305	144029	2
6801	83994	1
12683	29291	1
11819	110060	2
1539	38120	1
4126	83766	1
83284	83269	1
19661	173587	2
38676	38672	1
66313	66312	1
102025	172249	2
13467	48314	1
3623	12075	1
14661	87574	1
45837	45836	1
14394	14391	1
96577	161245	2
67846	67844	1
17000	99525	2
102123	160225	2
91752	147919	2
21408	21402	1
153010	153004	2
3063	51148	1
139108	139107	2
17170	25415	1
12122	12891	1
33473	66409	1
25378	25373	1
87	61	1
19183	79270	2
63696	124650	2
102454	145719	2
4551	32394	1
557	15619	1
62576	68696	1
39843	86577	1
35219	35218	1
57554	28402	1
94077	186466	2
175400	175392	2
106155	119066	2
3617	51640	2
4717	63509	1
1530	49957	1
94594	181965	2
95347	156149	2
93335	168767	2
2461	158321	2
6488	23658	1
104970	165033	2
44117	134154	2
1089	48543	1
7948	7949	1
46763	46752	1
38773	38770	1
5057	26176	1
151161	143079	2
16435	16426	1
8464	64387	1
15368	15367	1
97868	118607	2
1194	66053	1
17530	42807	1
14632	108371	2
2051	23795	1
125668	125667	2
15166	61166	1
105229	148000	2
138407	138406	2
60665	138380	2
96857	143116	2
24696	26865	1
10777	57846	1
2664	155564	2
94244	99125	2
104075	104071	2
17384	64261	1
72220	72210	1
21700	64710	1
2561	2558	1
10435	37005	1
27394	27387	1
68121	68107	1
7516	171192	2
129473	129471	2
30074	30075	1
1182	26009	1
22662	22656	1
4131	10842	1
71773	71768	1
56478	56854	1
75711	160895	2
18234	62606	1
24000	138859	2
11848	12235	1
541	3230	1
15172	15173	1
27271	27270	1
18470	132797	2
75374	75372	1
34322	34321	1
29939	168630	2
28924	46795	1
50325	87105	1
46455	64254	1
71334	71328	1
155208	155207	2
105744	111227	2
3890	70329	1
21684	21685	1
83749	83747	1
3236	45382	1
13076	138558	2
51850	51845	1
78462	78456	1
2106	52605	1
4499	87184	1
6250	27834	1
23896	37740	1
96846	164493	2
52061	72690	1
49505	49502	1
90327	134718	2
38660	53924	1
151213	151214	2
39105	93650	2
11636	11634	1
77981	144135	2
90419	109354	2
80537	80536	1
137927	137928	2
1106	58333	1
22264	35945	1
43973	71253	1
172726	172725	2
143085	143084	2
92986	153410	2
